(kicad_pcb (version 20171130) (host pcbnew "(5.1.5)-3")

  (general
    (thickness 1.6)
    (drawings 28)
    (tracks 38)
    (zones 0)
    (modules 51)
    (nets 49)
  )

  (page USLedger)
  (layers
    (0 F.Cu signal)
    (31 B.Cu signal)
    (32 B.Adhes user hide)
    (33 F.Adhes user hide)
    (34 B.Paste user hide)
    (35 F.Paste user hide)
    (36 B.SilkS user)
    (37 F.SilkS user)
    (38 B.Mask user hide)
    (39 F.Mask user hide)
    (40 Dwgs.User user hide)
    (41 Cmts.User user hide)
    (42 Eco1.User user hide)
    (43 Eco2.User user hide)
    (44 Edge.Cuts user)
    (45 Margin user hide)
    (46 B.CrtYd user hide)
    (47 F.CrtYd user)
    (48 B.Fab user hide)
    (49 F.Fab user hide)
  )

  (setup
    (last_trace_width 0.25)
    (user_trace_width 0.254)
    (user_trace_width 0.381)
    (user_trace_width 0.508)
    (user_trace_width 0.8128)
    (trace_clearance 0.2)
    (zone_clearance 0.508)
    (zone_45_only no)
    (trace_min 0.2)
    (via_size 0.8)
    (via_drill 0.4)
    (via_min_size 0.4)
    (via_min_drill 0.3)
    (uvia_size 0.3)
    (uvia_drill 0.1)
    (uvias_allowed no)
    (uvia_min_size 0.2)
    (uvia_min_drill 0.1)
    (edge_width 0.05)
    (segment_width 0.2)
    (pcb_text_width 0.3)
    (pcb_text_size 1.5 1.5)
    (mod_edge_width 0.12)
    (mod_text_size 1 1)
    (mod_text_width 0.15)
    (pad_size 1.524 1.524)
    (pad_drill 0.762)
    (pad_to_mask_clearance 0.051)
    (solder_mask_min_width 0.25)
    (aux_axis_origin 0 0)
    (visible_elements 7FFFF7FF)
    (pcbplotparams
      (layerselection 0x010fc_ffffffff)
      (usegerberextensions false)
      (usegerberattributes false)
      (usegerberadvancedattributes false)
      (creategerberjobfile false)
      (excludeedgelayer true)
      (linewidth 0.100000)
      (plotframeref false)
      (viasonmask false)
      (mode 1)
      (useauxorigin false)
      (hpglpennumber 1)
      (hpglpenspeed 20)
      (hpglpendiameter 15.000000)
      (psnegative false)
      (psa4output false)
      (plotreference true)
      (plotvalue true)
      (plotinvisibletext false)
      (padsonsilk false)
      (subtractmaskfromsilk false)
      (outputformat 1)
      (mirror false)
      (drillshape 1)
      (scaleselection 1)
      (outputdirectory ""))
  )

  (net 0 "")
  (net 1 SPDIF_IN)
  (net 2 "Net-(C1-Pad2)")
  (net 3 "Net-(C2-Pad2)")
  (net 4 SPDIF_OUT)
  (net 5 "Net-(C9-Pad1)")
  (net 6 GND)
  (net 7 3.3V)
  (net 8 "Net-(R38-Pad2)")
  (net 9 SD_DAT1)
  (net 10 SD_DAT0)
  (net 11 SD_CLK)
  (net 12 SD_CMD)
  (net 13 SD_DAT3)
  (net 14 SD_DAT2)
  (net 15 USB_D-)
  (net 16 USB_D+)
  (net 17 "Net-(J14-Pad4)")
  (net 18 "Net-(R1-Pad1)")
  (net 19 "Net-(R23-Pad1)")
  (net 20 5V)
  (net 21 VIN)
  (net 22 12V)
  (net 23 "Net-(6N137_1-Pad7)")
  (net 24 MIDI_IN_5)
  (net 25 MIDI_IN_4)
  (net 26 "Net-(BYPASS_MIDI_TX_1-Pad1)")
  (net 27 MIDI_TX)
  (net 28 MIDI_OUT_5)
  (net 29 MIDI_OUT_4)
  (net 30 MIDI_THRU_4)
  (net 31 MIDI_THRU_5)
  (net 32 "Net-(R9-Pad2)")
  (net 33 "Net-(74LS0-Pad3)")
  (net 34 "Net-(74LS0-Pad6)")
  (net 35 "Net-(74LS0-Pad8)")
  (net 36 "Net-(74LS0-Pad10)")
  (net 37 "Net-(74LS0-Pad12)")
  (net 38 MCLK1)
  (net 39 BCLK1)
  (net 40 LRCLK2)
  (net 41 LRCLK1)
  (net 42 BCLK2)
  (net 43 MCLK2)
  (net 44 IN1)
  (net 45 OUT1A)
  (net 46 OUT1B)
  (net 47 OUT1D)
  (net 48 OUT1C)

  (net_class Default "This is the default net class."
    (clearance 0.2)
    (trace_width 0.25)
    (via_dia 0.8)
    (via_drill 0.4)
    (uvia_dia 0.3)
    (uvia_drill 0.1)
    (add_net 12V)
    (add_net 3.3V)
    (add_net 5V)
    (add_net BCLK1)
    (add_net BCLK2)
    (add_net GND)
    (add_net IN1)
    (add_net LRCLK1)
    (add_net LRCLK2)
    (add_net MCLK1)
    (add_net MCLK2)
    (add_net MIDI_IN_4)
    (add_net MIDI_IN_5)
    (add_net MIDI_OUT_4)
    (add_net MIDI_OUT_5)
    (add_net MIDI_THRU_4)
    (add_net MIDI_THRU_5)
    (add_net MIDI_TX)
    (add_net "Net-(6N137_1-Pad7)")
    (add_net "Net-(74LS0-Pad10)")
    (add_net "Net-(74LS0-Pad12)")
    (add_net "Net-(74LS0-Pad3)")
    (add_net "Net-(74LS0-Pad6)")
    (add_net "Net-(74LS0-Pad8)")
    (add_net "Net-(BYPASS_MIDI_TX_1-Pad1)")
    (add_net "Net-(C1-Pad2)")
    (add_net "Net-(C2-Pad2)")
    (add_net "Net-(C9-Pad1)")
    (add_net "Net-(J14-Pad4)")
    (add_net "Net-(R1-Pad1)")
    (add_net "Net-(R23-Pad1)")
    (add_net "Net-(R38-Pad2)")
    (add_net "Net-(R9-Pad2)")
    (add_net OUT1A)
    (add_net OUT1B)
    (add_net OUT1C)
    (add_net OUT1D)
    (add_net SD_CLK)
    (add_net SD_CMD)
    (add_net SD_DAT0)
    (add_net SD_DAT1)
    (add_net SD_DAT2)
    (add_net SD_DAT3)
    (add_net SPDIF_IN)
    (add_net SPDIF_OUT)
    (add_net USB_D+)
    (add_net USB_D-)
    (add_net VIN)
  )

  (module project_fp:23LC1024-I&slash_ST (layer F.Cu) (tedit 5E90B9A5) (tstamp 5E913A63)
    (at 187.325 237.998)
    (path /5E90C041)
    (fp_text reference MEM1 (at 0 -2.794) (layer F.SilkS)
      (effects (font (size 0.8 0.8) (thickness 0.18)))
    )
    (fp_text value 23LC1024-I_P (at 7.62 2.54) (layer F.Fab)
      (effects (font (size 0.8 0.8) (thickness 0.18)))
    )
    (fp_text user "Copyright 2016 Accelerated Designs. All rights reserved." (at 0 0) (layer Cmts.User)
      (effects (font (size 0.8 0.8) (thickness 0.16)))
    )
    (fp_text user * (at -1.869001 -1.473799) (layer F.SilkS)
      (effects (font (size 0.8 0.8) (thickness 0.16)))
    )
    (fp_text user * (at -1.869001 -1.473799) (layer F.Fab)
      (effects (font (size 0.8 0.8) (thickness 0.16)))
    )
    (fp_text user 0.026in/0.65mm (at -5.867 -0.65) (layer Dwgs.User)
      (effects (font (size 0.8 0.8) (thickness 0.16)))
    )
    (fp_text user 0.014in/0.356mm (at 5.867 -0.975) (layer Dwgs.User)
      (effects (font (size 0.8 0.8) (thickness 0.16)))
    )
    (fp_text user 0.222in/5.638mm (at 0 -3.963) (layer Dwgs.User)
      (effects (font (size 0.8 0.8) (thickness 0.16)))
    )
    (fp_text user 0.058in/1.473mm (at -2.819 3.963) (layer Dwgs.User)
      (effects (font (size 0.8 0.8) (thickness 0.16)))
    )
    (fp_text user * (at -1.869001 -1.473799) (layer F.Fab)
      (effects (font (size 0.8 0.8) (thickness 0.16)))
    )
    (fp_text user * (at -1.869001 -1.473799) (layer F.SilkS)
      (effects (font (size 0.8 0.8) (thickness 0.16)))
    )
    (fp_line (start -2.250001 -0.8226) (end -2.250001 -1.1274) (layer F.Fab) (width 0.1524))
    (fp_line (start -2.250001 -1.1274) (end -3.2 -1.1274) (layer F.Fab) (width 0.1524))
    (fp_line (start -3.2 -1.1274) (end -3.2 -0.8226) (layer F.Fab) (width 0.1524))
    (fp_line (start -3.2 -0.8226) (end -2.250001 -0.8226) (layer F.Fab) (width 0.1524))
    (fp_line (start -2.250001 -0.1726) (end -2.250001 -0.4774) (layer F.Fab) (width 0.1524))
    (fp_line (start -2.250001 -0.4774) (end -3.2 -0.4774) (layer F.Fab) (width 0.1524))
    (fp_line (start -3.2 -0.4774) (end -3.2 -0.1726) (layer F.Fab) (width 0.1524))
    (fp_line (start -3.2 -0.1726) (end -2.250001 -0.1726) (layer F.Fab) (width 0.1524))
    (fp_line (start -2.250001 0.4774) (end -2.250001 0.1726) (layer F.Fab) (width 0.1524))
    (fp_line (start -2.250001 0.1726) (end -3.2 0.1726) (layer F.Fab) (width 0.1524))
    (fp_line (start -3.2 0.1726) (end -3.2 0.4774) (layer F.Fab) (width 0.1524))
    (fp_line (start -3.2 0.4774) (end -2.250001 0.4774) (layer F.Fab) (width 0.1524))
    (fp_line (start -2.250001 1.1274) (end -2.250001 0.8226) (layer F.Fab) (width 0.1524))
    (fp_line (start -2.250001 0.8226) (end -3.2 0.8226) (layer F.Fab) (width 0.1524))
    (fp_line (start -3.2 0.8226) (end -3.2 1.1274) (layer F.Fab) (width 0.1524))
    (fp_line (start -3.2 1.1274) (end -2.250001 1.1274) (layer F.Fab) (width 0.1524))
    (fp_line (start 2.250001 0.8226) (end 2.250001 1.1274) (layer F.Fab) (width 0.1524))
    (fp_line (start 2.250001 1.1274) (end 3.2 1.1274) (layer F.Fab) (width 0.1524))
    (fp_line (start 3.2 1.1274) (end 3.2 0.8226) (layer F.Fab) (width 0.1524))
    (fp_line (start 3.2 0.8226) (end 2.250001 0.8226) (layer F.Fab) (width 0.1524))
    (fp_line (start 2.250001 0.1726) (end 2.250001 0.4774) (layer F.Fab) (width 0.1524))
    (fp_line (start 2.250001 0.4774) (end 3.2 0.4774) (layer F.Fab) (width 0.1524))
    (fp_line (start 3.2 0.4774) (end 3.2 0.1726) (layer F.Fab) (width 0.1524))
    (fp_line (start 3.2 0.1726) (end 2.250001 0.1726) (layer F.Fab) (width 0.1524))
    (fp_line (start 2.250001 -0.4774) (end 2.250001 -0.1726) (layer F.Fab) (width 0.1524))
    (fp_line (start 2.250001 -0.1726) (end 3.2 -0.1726) (layer F.Fab) (width 0.1524))
    (fp_line (start 3.2 -0.1726) (end 3.2 -0.4774) (layer F.Fab) (width 0.1524))
    (fp_line (start 3.2 -0.4774) (end 2.250001 -0.4774) (layer F.Fab) (width 0.1524))
    (fp_line (start 2.250001 -1.1274) (end 2.250001 -0.8226) (layer F.Fab) (width 0.1524))
    (fp_line (start 2.250001 -0.8226) (end 3.2 -0.8226) (layer F.Fab) (width 0.1524))
    (fp_line (start 3.2 -0.8226) (end 3.2 -1.1274) (layer F.Fab) (width 0.1524))
    (fp_line (start 3.2 -1.1274) (end 2.250001 -1.1274) (layer F.Fab) (width 0.1524))
    (fp_line (start -2.377001 1.676999) (end 2.377001 1.676999) (layer F.SilkS) (width 0.1524))
    (fp_line (start 2.377001 -1.676999) (end -2.377001 -1.676999) (layer F.SilkS) (width 0.1524))
    (fp_line (start -2.250001 1.549999) (end 2.250001 1.549999) (layer F.Fab) (width 0.1524))
    (fp_line (start 2.250001 1.549999) (end 2.250001 -1.549999) (layer F.Fab) (width 0.1524))
    (fp_line (start 2.250001 -1.549999) (end -2.250001 -1.549999) (layer F.Fab) (width 0.1524))
    (fp_line (start -2.250001 -1.549999) (end -2.250001 1.549999) (layer F.Fab) (width 0.1524))
    (fp_line (start -3.8096 1.3508) (end -3.8096 -1.3508) (layer F.CrtYd) (width 0.1524))
    (fp_line (start -3.8096 -1.3508) (end -2.504001 -1.3508) (layer F.CrtYd) (width 0.1524))
    (fp_line (start -2.504001 -1.3508) (end -2.504001 -1.803999) (layer F.CrtYd) (width 0.1524))
    (fp_line (start -2.504001 -1.803999) (end 2.504001 -1.803999) (layer F.CrtYd) (width 0.1524))
    (fp_line (start 2.504001 -1.803999) (end 2.504001 -1.3508) (layer F.CrtYd) (width 0.1524))
    (fp_line (start 2.504001 -1.3508) (end 3.8096 -1.3508) (layer F.CrtYd) (width 0.1524))
    (fp_line (start 3.8096 -1.3508) (end 3.8096 1.3508) (layer F.CrtYd) (width 0.1524))
    (fp_line (start 3.8096 1.3508) (end 2.504001 1.3508) (layer F.CrtYd) (width 0.1524))
    (fp_line (start 2.504001 1.3508) (end 2.504001 1.803999) (layer F.CrtYd) (width 0.1524))
    (fp_line (start 2.504001 1.803999) (end -2.504001 1.803999) (layer F.CrtYd) (width 0.1524))
    (fp_line (start -2.504001 1.803999) (end -2.504001 1.3508) (layer F.CrtYd) (width 0.1524))
    (fp_line (start -2.504001 1.3508) (end -3.8096 1.3508) (layer F.CrtYd) (width 0.1524))
    (fp_arc (start 0 -1.549999) (end 0.3048 -1.549999) (angle 180) (layer F.Fab) (width 0.1524))
    (pad 1 smd rect (at -2.819001 -0.974999) (size 1.4732 0.3556) (layers F.Cu F.Paste F.Mask))
    (pad 2 smd rect (at -2.819001 -0.325001) (size 1.4732 0.3556) (layers F.Cu F.Paste F.Mask))
    (pad 3 smd rect (at -2.819001 0.325001) (size 1.4732 0.3556) (layers F.Cu F.Paste F.Mask)
      (net 7 3.3V))
    (pad 4 smd rect (at -2.819001 0.974999) (size 1.4732 0.3556) (layers F.Cu F.Paste F.Mask)
      (net 6 GND))
    (pad 5 smd rect (at 2.819001 0.974999) (size 1.4732 0.3556) (layers F.Cu F.Paste F.Mask))
    (pad 6 smd rect (at 2.819001 0.325001) (size 1.4732 0.3556) (layers F.Cu F.Paste F.Mask))
    (pad 7 smd rect (at 2.819001 -0.325001) (size 1.4732 0.3556) (layers F.Cu F.Paste F.Mask)
      (net 7 3.3V))
    (pad 8 smd rect (at 2.819001 -0.974999) (size 1.4732 0.3556) (layers F.Cu F.Paste F.Mask)
      (net 7 3.3V))
    (model ${KIPRJMOD}/lib_sch/ul_23LC1024IST/2020-04-10_17-26-26/STEP/TSSOP8_MC.step
      (at (xyz 0 0 0))
      (scale (xyz 1 1 1))
      (rotate (xyz 0 0 0))
    )
  )

  (module Capacitor_SMD:C_0603_1608Metric_Pad1.05x0.95mm_HandSolder (layer F.Cu) (tedit 5B301BBE) (tstamp 5E90C635)
    (at 226.23 235.5885 90)
    (descr "Capacitor SMD 0603 (1608 Metric), square (rectangular) end terminal, IPC_7351 nominal with elongated pad for handsoldering. (Body size source: http://www.tortai-tech.com/upload/download/2011102023233369053.pdf), generated with kicad-footprint-generator")
    (tags "capacitor handsolder")
    (path /5E9EFA30)
    (attr smd)
    (fp_text reference C1 (at 0 -1.43 90) (layer F.SilkS)
      (effects (font (size 0.8 0.8) (thickness 0.18)))
    )
    (fp_text value 1μ (at 0 1.43 90) (layer F.Fab)
      (effects (font (size 0.8 0.8) (thickness 0.18)))
    )
    (fp_line (start -0.8 0.4) (end -0.8 -0.4) (layer F.Fab) (width 0.1))
    (fp_line (start -0.8 -0.4) (end 0.8 -0.4) (layer F.Fab) (width 0.1))
    (fp_line (start 0.8 -0.4) (end 0.8 0.4) (layer F.Fab) (width 0.1))
    (fp_line (start 0.8 0.4) (end -0.8 0.4) (layer F.Fab) (width 0.1))
    (fp_line (start -0.171267 -0.51) (end 0.171267 -0.51) (layer F.SilkS) (width 0.12))
    (fp_line (start -0.171267 0.51) (end 0.171267 0.51) (layer F.SilkS) (width 0.12))
    (fp_line (start -1.65 0.73) (end -1.65 -0.73) (layer F.CrtYd) (width 0.05))
    (fp_line (start -1.65 -0.73) (end 1.65 -0.73) (layer F.CrtYd) (width 0.05))
    (fp_line (start 1.65 -0.73) (end 1.65 0.73) (layer F.CrtYd) (width 0.05))
    (fp_line (start 1.65 0.73) (end -1.65 0.73) (layer F.CrtYd) (width 0.05))
    (fp_text user %R (at 0 0 90) (layer F.Fab)
      (effects (font (size 0.8 0.8) (thickness 0.18)))
    )
    (pad 1 smd roundrect (at -0.875 0 90) (size 1.05 0.95) (layers F.Cu F.Paste F.Mask) (roundrect_rratio 0.25)
      (net 1 SPDIF_IN))
    (pad 2 smd roundrect (at 0.875 0 90) (size 1.05 0.95) (layers F.Cu F.Paste F.Mask) (roundrect_rratio 0.25)
      (net 2 "Net-(C1-Pad2)"))
    (model ${KISYS3DMOD}/Capacitor_SMD.3dshapes/C_0603_1608Metric.wrl
      (at (xyz 0 0 0))
      (scale (xyz 1 1 1))
      (rotate (xyz 0 0 0))
    )
  )

  (module Capacitor_SMD:C_0603_1608Metric_Pad1.05x0.95mm_HandSolder (layer F.Cu) (tedit 5B301BBE) (tstamp 5E90C646)
    (at 226.1665 240.2875 90)
    (descr "Capacitor SMD 0603 (1608 Metric), square (rectangular) end terminal, IPC_7351 nominal with elongated pad for handsoldering. (Body size source: http://www.tortai-tech.com/upload/download/2011102023233369053.pdf), generated with kicad-footprint-generator")
    (tags "capacitor handsolder")
    (path /5D89A517)
    (attr smd)
    (fp_text reference C2 (at 0 -1.43 90) (layer F.SilkS)
      (effects (font (size 0.8 0.8) (thickness 0.18)))
    )
    (fp_text value 1μ (at 0 1.43 90) (layer F.Fab)
      (effects (font (size 0.8 0.8) (thickness 0.18)))
    )
    (fp_text user %R (at 0 0 90) (layer F.Fab)
      (effects (font (size 0.8 0.8) (thickness 0.18)))
    )
    (fp_line (start 1.65 0.73) (end -1.65 0.73) (layer F.CrtYd) (width 0.05))
    (fp_line (start 1.65 -0.73) (end 1.65 0.73) (layer F.CrtYd) (width 0.05))
    (fp_line (start -1.65 -0.73) (end 1.65 -0.73) (layer F.CrtYd) (width 0.05))
    (fp_line (start -1.65 0.73) (end -1.65 -0.73) (layer F.CrtYd) (width 0.05))
    (fp_line (start -0.171267 0.51) (end 0.171267 0.51) (layer F.SilkS) (width 0.12))
    (fp_line (start -0.171267 -0.51) (end 0.171267 -0.51) (layer F.SilkS) (width 0.12))
    (fp_line (start 0.8 0.4) (end -0.8 0.4) (layer F.Fab) (width 0.1))
    (fp_line (start 0.8 -0.4) (end 0.8 0.4) (layer F.Fab) (width 0.1))
    (fp_line (start -0.8 -0.4) (end 0.8 -0.4) (layer F.Fab) (width 0.1))
    (fp_line (start -0.8 0.4) (end -0.8 -0.4) (layer F.Fab) (width 0.1))
    (pad 2 smd roundrect (at 0.875 0 90) (size 1.05 0.95) (layers F.Cu F.Paste F.Mask) (roundrect_rratio 0.25)
      (net 3 "Net-(C2-Pad2)"))
    (pad 1 smd roundrect (at -0.875 0 90) (size 1.05 0.95) (layers F.Cu F.Paste F.Mask) (roundrect_rratio 0.25)
      (net 4 SPDIF_OUT))
    (model ${KISYS3DMOD}/Capacitor_SMD.3dshapes/C_0603_1608Metric.wrl
      (at (xyz 0 0 0))
      (scale (xyz 1 1 1))
      (rotate (xyz 0 0 0))
    )
  )

  (module Capacitor_SMD:C_0603_1608Metric_Pad1.05x0.95mm_HandSolder (layer F.Cu) (tedit 5B301BBE) (tstamp 5E90C657)
    (at 236.517 241.9385 270)
    (descr "Capacitor SMD 0603 (1608 Metric), square (rectangular) end terminal, IPC_7351 nominal with elongated pad for handsoldering. (Body size source: http://www.tortai-tech.com/upload/download/2011102023233369053.pdf), generated with kicad-footprint-generator")
    (tags "capacitor handsolder")
    (path /5D7F886E)
    (attr smd)
    (fp_text reference C9 (at 0 -1.43 90) (layer F.SilkS)
      (effects (font (size 0.8 0.8) (thickness 0.18)))
    )
    (fp_text value 100uf (at 0 1.43 90) (layer F.Fab)
      (effects (font (size 0.8 0.8) (thickness 0.18)))
    )
    (fp_line (start -0.8 0.4) (end -0.8 -0.4) (layer F.Fab) (width 0.1))
    (fp_line (start -0.8 -0.4) (end 0.8 -0.4) (layer F.Fab) (width 0.1))
    (fp_line (start 0.8 -0.4) (end 0.8 0.4) (layer F.Fab) (width 0.1))
    (fp_line (start 0.8 0.4) (end -0.8 0.4) (layer F.Fab) (width 0.1))
    (fp_line (start -0.171267 -0.51) (end 0.171267 -0.51) (layer F.SilkS) (width 0.12))
    (fp_line (start -0.171267 0.51) (end 0.171267 0.51) (layer F.SilkS) (width 0.12))
    (fp_line (start -1.65 0.73) (end -1.65 -0.73) (layer F.CrtYd) (width 0.05))
    (fp_line (start -1.65 -0.73) (end 1.65 -0.73) (layer F.CrtYd) (width 0.05))
    (fp_line (start 1.65 -0.73) (end 1.65 0.73) (layer F.CrtYd) (width 0.05))
    (fp_line (start 1.65 0.73) (end -1.65 0.73) (layer F.CrtYd) (width 0.05))
    (fp_text user %R (at 0 0 90) (layer F.Fab)
      (effects (font (size 0.8 0.8) (thickness 0.18)))
    )
    (pad 1 smd roundrect (at -0.875 0 270) (size 1.05 0.95) (layers F.Cu F.Paste F.Mask) (roundrect_rratio 0.25)
      (net 5 "Net-(C9-Pad1)"))
    (pad 2 smd roundrect (at 0.875 0 270) (size 1.05 0.95) (layers F.Cu F.Paste F.Mask) (roundrect_rratio 0.25)
      (net 6 GND))
    (model ${KISYS3DMOD}/Capacitor_SMD.3dshapes/C_0603_1608Metric.wrl
      (at (xyz 0 0 0))
      (scale (xyz 1 1 1))
      (rotate (xyz 0 0 0))
    )
  )

  (module Resistor_SMD:R_0603_1608Metric_Pad1.05x0.95mm_HandSolder (layer F.Cu) (tedit 5B301BBD) (tstamp 5E90C6F3)
    (at 228.897 234.6995 180)
    (descr "Resistor SMD 0603 (1608 Metric), square (rectangular) end terminal, IPC_7351 nominal with elongated pad for handsoldering. (Body size source: http://www.tortai-tech.com/upload/download/2011102023233369053.pdf), generated with kicad-footprint-generator")
    (tags "resistor handsolder")
    (path /5E9EFA1D)
    (attr smd)
    (fp_text reference R1 (at 1.2065 1.651) (layer F.SilkS)
      (effects (font (size 0.8 0.8) (thickness 0.18)))
    )
    (fp_text value 22 (at 0 1.43) (layer F.Fab)
      (effects (font (size 0.8 0.8) (thickness 0.18)))
    )
    (fp_text user %R (at 0 0) (layer F.Fab)
      (effects (font (size 0.8 0.8) (thickness 0.18)))
    )
    (fp_line (start 1.65 0.73) (end -1.65 0.73) (layer F.CrtYd) (width 0.05))
    (fp_line (start 1.65 -0.73) (end 1.65 0.73) (layer F.CrtYd) (width 0.05))
    (fp_line (start -1.65 -0.73) (end 1.65 -0.73) (layer F.CrtYd) (width 0.05))
    (fp_line (start -1.65 0.73) (end -1.65 -0.73) (layer F.CrtYd) (width 0.05))
    (fp_line (start -0.171267 0.51) (end 0.171267 0.51) (layer F.SilkS) (width 0.12))
    (fp_line (start -0.171267 -0.51) (end 0.171267 -0.51) (layer F.SilkS) (width 0.12))
    (fp_line (start 0.8 0.4) (end -0.8 0.4) (layer F.Fab) (width 0.1))
    (fp_line (start 0.8 -0.4) (end 0.8 0.4) (layer F.Fab) (width 0.1))
    (fp_line (start -0.8 -0.4) (end 0.8 -0.4) (layer F.Fab) (width 0.1))
    (fp_line (start -0.8 0.4) (end -0.8 -0.4) (layer F.Fab) (width 0.1))
    (pad 2 smd roundrect (at 0.875 0 180) (size 1.05 0.95) (layers F.Cu F.Paste F.Mask) (roundrect_rratio 0.25)
      (net 2 "Net-(C1-Pad2)"))
    (pad 1 smd roundrect (at -0.875 0 180) (size 1.05 0.95) (layers F.Cu F.Paste F.Mask) (roundrect_rratio 0.25)
      (net 18 "Net-(R1-Pad1)"))
    (model ${KISYS3DMOD}/Resistor_SMD.3dshapes/R_0603_1608Metric.wrl
      (at (xyz 0 0 0))
      (scale (xyz 1 1 1))
      (rotate (xyz 0 0 0))
    )
  )

  (module Resistor_SMD:R_0603_1608Metric_Pad1.05x0.95mm_HandSolder (layer F.Cu) (tedit 5B301BBD) (tstamp 5E90C704)
    (at 228.897 236.541 180)
    (descr "Resistor SMD 0603 (1608 Metric), square (rectangular) end terminal, IPC_7351 nominal with elongated pad for handsoldering. (Body size source: http://www.tortai-tech.com/upload/download/2011102023233369053.pdf), generated with kicad-footprint-generator")
    (tags "resistor handsolder")
    (path /5E9EFA24)
    (attr smd)
    (fp_text reference R2 (at -0.9525 3.556) (layer F.SilkS)
      (effects (font (size 0.8 0.8) (thickness 0.18)))
    )
    (fp_text value 22 (at 0 1.43) (layer F.Fab)
      (effects (font (size 0.8 0.8) (thickness 0.18)))
    )
    (fp_line (start -0.8 0.4) (end -0.8 -0.4) (layer F.Fab) (width 0.1))
    (fp_line (start -0.8 -0.4) (end 0.8 -0.4) (layer F.Fab) (width 0.1))
    (fp_line (start 0.8 -0.4) (end 0.8 0.4) (layer F.Fab) (width 0.1))
    (fp_line (start 0.8 0.4) (end -0.8 0.4) (layer F.Fab) (width 0.1))
    (fp_line (start -0.171267 -0.51) (end 0.171267 -0.51) (layer F.SilkS) (width 0.12))
    (fp_line (start -0.171267 0.51) (end 0.171267 0.51) (layer F.SilkS) (width 0.12))
    (fp_line (start -1.65 0.73) (end -1.65 -0.73) (layer F.CrtYd) (width 0.05))
    (fp_line (start -1.65 -0.73) (end 1.65 -0.73) (layer F.CrtYd) (width 0.05))
    (fp_line (start 1.65 -0.73) (end 1.65 0.73) (layer F.CrtYd) (width 0.05))
    (fp_line (start 1.65 0.73) (end -1.65 0.73) (layer F.CrtYd) (width 0.05))
    (fp_text user %R (at 0 0) (layer F.Fab)
      (effects (font (size 0.8 0.8) (thickness 0.18)))
    )
    (pad 1 smd roundrect (at -0.875 0 180) (size 1.05 0.95) (layers F.Cu F.Paste F.Mask) (roundrect_rratio 0.25)
      (net 18 "Net-(R1-Pad1)"))
    (pad 2 smd roundrect (at 0.875 0 180) (size 1.05 0.95) (layers F.Cu F.Paste F.Mask) (roundrect_rratio 0.25))
    (model ${KISYS3DMOD}/Resistor_SMD.3dshapes/R_0603_1608Metric.wrl
      (at (xyz 0 0 0))
      (scale (xyz 1 1 1))
      (rotate (xyz 0 0 0))
    )
  )

  (module Resistor_SMD:R_0603_1608Metric_Pad1.05x0.95mm_HandSolder (layer F.Cu) (tedit 5B301BBD) (tstamp 5E90C715)
    (at 228.8335 239.3985 180)
    (descr "Resistor SMD 0603 (1608 Metric), square (rectangular) end terminal, IPC_7351 nominal with elongated pad for handsoldering. (Body size source: http://www.tortai-tech.com/upload/download/2011102023233369053.pdf), generated with kicad-footprint-generator")
    (tags "resistor handsolder")
    (path /5D8B0174)
    (attr smd)
    (fp_text reference R23 (at -0.0635 1.4605) (layer F.SilkS)
      (effects (font (size 0.8 0.8) (thickness 0.18)))
    )
    (fp_text value 22 (at 0 1.43) (layer F.Fab)
      (effects (font (size 0.8 0.8) (thickness 0.18)))
    )
    (fp_text user %R (at 0 0) (layer F.Fab)
      (effects (font (size 0.8 0.8) (thickness 0.18)))
    )
    (fp_line (start 1.65 0.73) (end -1.65 0.73) (layer F.CrtYd) (width 0.05))
    (fp_line (start 1.65 -0.73) (end 1.65 0.73) (layer F.CrtYd) (width 0.05))
    (fp_line (start -1.65 -0.73) (end 1.65 -0.73) (layer F.CrtYd) (width 0.05))
    (fp_line (start -1.65 0.73) (end -1.65 -0.73) (layer F.CrtYd) (width 0.05))
    (fp_line (start -0.171267 0.51) (end 0.171267 0.51) (layer F.SilkS) (width 0.12))
    (fp_line (start -0.171267 -0.51) (end 0.171267 -0.51) (layer F.SilkS) (width 0.12))
    (fp_line (start 0.8 0.4) (end -0.8 0.4) (layer F.Fab) (width 0.1))
    (fp_line (start 0.8 -0.4) (end 0.8 0.4) (layer F.Fab) (width 0.1))
    (fp_line (start -0.8 -0.4) (end 0.8 -0.4) (layer F.Fab) (width 0.1))
    (fp_line (start -0.8 0.4) (end -0.8 -0.4) (layer F.Fab) (width 0.1))
    (pad 2 smd roundrect (at 0.875 0 180) (size 1.05 0.95) (layers F.Cu F.Paste F.Mask) (roundrect_rratio 0.25)
      (net 3 "Net-(C2-Pad2)"))
    (pad 1 smd roundrect (at -0.875 0 180) (size 1.05 0.95) (layers F.Cu F.Paste F.Mask) (roundrect_rratio 0.25)
      (net 19 "Net-(R23-Pad1)"))
    (model ${KISYS3DMOD}/Resistor_SMD.3dshapes/R_0603_1608Metric.wrl
      (at (xyz 0 0 0))
      (scale (xyz 1 1 1))
      (rotate (xyz 0 0 0))
    )
  )

  (module Resistor_SMD:R_0603_1608Metric_Pad1.05x0.95mm_HandSolder (layer F.Cu) (tedit 5B301BBD) (tstamp 5E90C726)
    (at 228.8335 241.1765 180)
    (descr "Resistor SMD 0603 (1608 Metric), square (rectangular) end terminal, IPC_7351 nominal with elongated pad for handsoldering. (Body size source: http://www.tortai-tech.com/upload/download/2011102023233369053.pdf), generated with kicad-footprint-generator")
    (tags "resistor handsolder")
    (path /5D8B017C)
    (attr smd)
    (fp_text reference R24 (at 0.0635 -1.524) (layer F.SilkS)
      (effects (font (size 0.8 0.8) (thickness 0.18)))
    )
    (fp_text value 22 (at 0 1.43) (layer F.Fab)
      (effects (font (size 0.8 0.8) (thickness 0.18)))
    )
    (fp_line (start -0.8 0.4) (end -0.8 -0.4) (layer F.Fab) (width 0.1))
    (fp_line (start -0.8 -0.4) (end 0.8 -0.4) (layer F.Fab) (width 0.1))
    (fp_line (start 0.8 -0.4) (end 0.8 0.4) (layer F.Fab) (width 0.1))
    (fp_line (start 0.8 0.4) (end -0.8 0.4) (layer F.Fab) (width 0.1))
    (fp_line (start -0.171267 -0.51) (end 0.171267 -0.51) (layer F.SilkS) (width 0.12))
    (fp_line (start -0.171267 0.51) (end 0.171267 0.51) (layer F.SilkS) (width 0.12))
    (fp_line (start -1.65 0.73) (end -1.65 -0.73) (layer F.CrtYd) (width 0.05))
    (fp_line (start -1.65 -0.73) (end 1.65 -0.73) (layer F.CrtYd) (width 0.05))
    (fp_line (start 1.65 -0.73) (end 1.65 0.73) (layer F.CrtYd) (width 0.05))
    (fp_line (start 1.65 0.73) (end -1.65 0.73) (layer F.CrtYd) (width 0.05))
    (fp_text user %R (at 0 0) (layer F.Fab)
      (effects (font (size 0.8 0.8) (thickness 0.18)))
    )
    (pad 1 smd roundrect (at -0.875 0 180) (size 1.05 0.95) (layers F.Cu F.Paste F.Mask) (roundrect_rratio 0.25)
      (net 19 "Net-(R23-Pad1)"))
    (pad 2 smd roundrect (at 0.875 0 180) (size 1.05 0.95) (layers F.Cu F.Paste F.Mask) (roundrect_rratio 0.25))
    (model ${KISYS3DMOD}/Resistor_SMD.3dshapes/R_0603_1608Metric.wrl
      (at (xyz 0 0 0))
      (scale (xyz 1 1 1))
      (rotate (xyz 0 0 0))
    )
  )

  (module Resistor_SMD:R_0603_1608Metric_Pad1.05x0.95mm_HandSolder (layer F.Cu) (tedit 5B301BBD) (tstamp 5E90C77B)
    (at 233.342 241.9385 270)
    (descr "Resistor SMD 0603 (1608 Metric), square (rectangular) end terminal, IPC_7351 nominal with elongated pad for handsoldering. (Body size source: http://www.tortai-tech.com/upload/download/2011102023233369053.pdf), generated with kicad-footprint-generator")
    (tags "resistor handsolder")
    (path /5D7ECDEA)
    (attr smd)
    (fp_text reference R38 (at 0 -1.43 90) (layer F.SilkS)
      (effects (font (size 0.8 0.8) (thickness 0.18)))
    )
    (fp_text value 44ohm (at 0 1.43 90) (layer F.Fab)
      (effects (font (size 0.8 0.8) (thickness 0.18)))
    )
    (fp_text user %R (at 0 0 90) (layer F.Fab)
      (effects (font (size 0.8 0.8) (thickness 0.18)))
    )
    (fp_line (start 1.65 0.73) (end -1.65 0.73) (layer F.CrtYd) (width 0.05))
    (fp_line (start 1.65 -0.73) (end 1.65 0.73) (layer F.CrtYd) (width 0.05))
    (fp_line (start -1.65 -0.73) (end 1.65 -0.73) (layer F.CrtYd) (width 0.05))
    (fp_line (start -1.65 0.73) (end -1.65 -0.73) (layer F.CrtYd) (width 0.05))
    (fp_line (start -0.171267 0.51) (end 0.171267 0.51) (layer F.SilkS) (width 0.12))
    (fp_line (start -0.171267 -0.51) (end 0.171267 -0.51) (layer F.SilkS) (width 0.12))
    (fp_line (start 0.8 0.4) (end -0.8 0.4) (layer F.Fab) (width 0.1))
    (fp_line (start 0.8 -0.4) (end 0.8 0.4) (layer F.Fab) (width 0.1))
    (fp_line (start -0.8 -0.4) (end 0.8 -0.4) (layer F.Fab) (width 0.1))
    (fp_line (start -0.8 0.4) (end -0.8 -0.4) (layer F.Fab) (width 0.1))
    (pad 2 smd roundrect (at 0.875 0 270) (size 1.05 0.95) (layers F.Cu F.Paste F.Mask) (roundrect_rratio 0.25)
      (net 8 "Net-(R38-Pad2)"))
    (pad 1 smd roundrect (at -0.875 0 270) (size 1.05 0.95) (layers F.Cu F.Paste F.Mask) (roundrect_rratio 0.25))
    (model ${KISYS3DMOD}/Resistor_SMD.3dshapes/R_0603_1608Metric.wrl
      (at (xyz 0 0 0))
      (scale (xyz 1 1 1))
      (rotate (xyz 0 0 0))
    )
  )

  (module teensy:Teensy40_SMT (layer F.Cu) (tedit 5DBF48C5) (tstamp 5E92B917)
    (at 185.6105 241.2365)
    (path /5D6E1937)
    (fp_text reference U3 (at 13.97 0.762 90) (layer F.SilkS)
      (effects (font (size 0.8 0.8) (thickness 0.18)))
    )
    (fp_text value Teensy4.0 (at 0 10.16) (layer F.Fab)
      (effects (font (size 0.8 0.8) (thickness 0.18)))
    )
    (fp_line (start -17.78 -8.89) (end -17.78 8.89) (layer F.SilkS) (width 0.15))
    (fp_line (start -17.78 8.89) (end 17.78 8.89) (layer F.SilkS) (width 0.15))
    (fp_line (start 17.78 8.89) (end 17.78 -8.89) (layer F.SilkS) (width 0.15))
    (fp_line (start 17.78 -8.89) (end -17.78 -8.89) (layer F.SilkS) (width 0.15))
    (fp_line (start -17.78 -3.81) (end -19.05 -3.81) (layer F.SilkS) (width 0.15))
    (fp_line (start -19.05 -3.81) (end -19.05 3.81) (layer F.SilkS) (width 0.15))
    (fp_line (start -19.05 3.81) (end -17.78 3.81) (layer F.SilkS) (width 0.15))
    (fp_line (start -15.875 -7.62) (end -15.875 7.62) (layer Dwgs.User) (width 0.15))
    (fp_line (start -17.78 -7.62) (end -15.875 -7.62) (layer Dwgs.User) (width 0.12))
    (fp_line (start -17.78 7.62) (end -15.875 7.62) (layer Dwgs.User) (width 0.12))
    (fp_line (start -17.78 -7.62) (end -17.78 7.62) (layer Dwgs.User) (width 0.12))
    (fp_line (start -9.39 -7.62) (end -9.39 7.62) (layer Dwgs.User) (width 0.12))
    (fp_line (start -9.39 7.62) (end 7 7.62) (layer Dwgs.User) (width 0.12))
    (fp_line (start -9.39 -7.62) (end 7 -7.6) (layer Dwgs.User) (width 0.12))
    (fp_line (start 7 -7.64) (end 7 7.6) (layer Dwgs.User) (width 0.12))
    (fp_line (start 8.89 -8.6) (end 8.89 8.6) (layer Dwgs.User) (width 0.12))
    (fp_line (start 8.89 8.6) (end 11.43 8.6) (layer Dwgs.User) (width 0.12))
    (fp_line (start 11.43 8.6) (end 11.43 -8.6) (layer Dwgs.User) (width 0.12))
    (fp_line (start 11.43 -8.6) (end 8.89 -8.6) (layer Dwgs.User) (width 0.12))
    (fp_line (start 13.97 -8.6) (end 16.51 -8.6) (layer Dwgs.User) (width 0.12))
    (fp_line (start 16.51 8.6) (end 13.97 8.6) (layer Dwgs.User) (width 0.12))
    (fp_line (start 13.97 8.6) (end 13.97 -8.6) (layer Dwgs.User) (width 0.12))
    (fp_poly (pts (xy 10.922 5.588) (xy 13.462 5.588) (xy 13.462 4.572) (xy 10.922 4.572)) (layer Eco1.User) (width 0.1))
    (fp_poly (pts (xy 10.922 3.048) (xy 13.462 3.048) (xy 13.462 2.032) (xy 10.922 2.032)) (layer Eco1.User) (width 0.1))
    (fp_poly (pts (xy 10.922 0.508) (xy 13.462 0.508) (xy 13.462 -0.508) (xy 10.922 -0.508)) (layer Eco1.User) (width 0.1))
    (fp_poly (pts (xy 10.922 -2.032) (xy 13.462 -2.032) (xy 13.462 -3.048) (xy 10.922 -3.048)) (layer Eco1.User) (width 0.1))
    (fp_poly (pts (xy 10.922 -4.572) (xy 13.462 -4.572) (xy 13.462 -5.588) (xy 10.922 -5.588)) (layer Eco1.User) (width 0.1))
    (fp_poly (pts (xy 6.858 -4.572) (xy 9.398 -4.572) (xy 9.398 -5.588) (xy 6.858 -5.588)) (layer Eco1.User) (width 0.1))
    (fp_poly (pts (xy 6.858 -2.032) (xy 9.398 -2.032) (xy 9.398 -3.048) (xy 6.858 -3.048)) (layer Eco1.User) (width 0.1))
    (fp_poly (pts (xy 6.858 0.508) (xy 9.398 0.508) (xy 9.398 -0.508) (xy 6.858 -0.508)) (layer Eco1.User) (width 0.1))
    (fp_poly (pts (xy 6.858 3.048) (xy 9.398 3.048) (xy 9.398 2.032) (xy 6.858 2.032)) (layer Eco1.User) (width 0.1))
    (fp_poly (pts (xy 6.858 5.588) (xy 9.398 5.588) (xy 9.398 4.572) (xy 6.858 4.572)) (layer Eco1.User) (width 0.1))
    (fp_poly (pts (xy -17.272 1.778) (xy -14.732 1.778) (xy -14.732 0.762) (xy -17.272 0.762)) (layer Eco1.User) (width 0.1))
    (fp_poly (pts (xy -17.272 -0.762) (xy -14.732 -0.762) (xy -14.732 -1.778) (xy -17.272 -1.778)) (layer Eco1.User) (width 0.1))
    (fp_poly (pts (xy -9.5 -3.75) (xy -7.5 -3.75) (xy -7.5 -3.25) (xy -9.5 -3.25)) (layer Eco1.User) (width 0.1))
    (fp_poly (pts (xy -9.5 -2.75) (xy -7.5 -2.75) (xy -7.5 -2.25) (xy -9.5 -2.25)) (layer Eco1.User) (width 0.1))
    (fp_poly (pts (xy -9.5 -1.75) (xy -7.5 -1.75) (xy -7.5 -1.25) (xy -9.5 -1.25)) (layer Eco1.User) (width 0.1))
    (fp_poly (pts (xy -9.5 -0.75) (xy -7.5 -0.75) (xy -7.5 -0.25) (xy -9.5 -0.25)) (layer Eco1.User) (width 0.1))
    (fp_poly (pts (xy -9.5 0.25) (xy -7.5 0.25) (xy -7.5 0.75) (xy -9.5 0.75)) (layer Eco1.User) (width 0.1))
    (fp_poly (pts (xy -9.5 1.25) (xy -7.5 1.25) (xy -7.5 1.75) (xy -9.5 1.75)) (layer Eco1.User) (width 0.1))
    (fp_poly (pts (xy -9.5 2.25) (xy -7.5 2.25) (xy -7.5 2.75) (xy -9.5 2.75)) (layer Eco1.User) (width 0.1))
    (fp_poly (pts (xy -9.5 3.25) (xy -7.5 3.25) (xy -7.5 3.75) (xy -9.5 3.75)) (layer Eco1.User) (width 0.1))
    (fp_line (start 16.51 -8.6) (end 16.51 8.6) (layer Dwgs.User) (width 0.12))
    (pad 1 thru_hole circle (at -16.51 7.62) (size 1.404 1.404) (drill 1.1) (layers *.Cu *.Mask)
      (net 6 GND))
    (pad 2 thru_hole circle (at -13.97 7.62) (size 1.404 1.404) (drill 1.1) (layers *.Cu *.Mask)
      (net 20 5V))
    (pad 35 thru_hole circle (at 11.43 -5.08) (size 1.304 1.304) (drill 1) (layers *.Cu *.Mask))
    (pad 36 thru_hole circle (at 8.89 -5.08) (size 1.304 1.304) (drill 1) (layers *.Cu *.Mask))
    (pad 37 thru_hole circle (at 11.43 -2.54) (size 1.304 1.304) (drill 1) (layers *.Cu *.Mask))
    (pad 38 thru_hole circle (at 8.89 -2.54) (size 1.304 1.304) (drill 1) (layers *.Cu *.Mask)
      (net 43 MCLK2))
    (pad 39 thru_hole circle (at 11.43 0) (size 1.304 1.304) (drill 1) (layers *.Cu *.Mask))
    (pad 40 thru_hole circle (at 8.89 0) (size 1.304 1.304) (drill 1) (layers *.Cu *.Mask))
    (pad 41 thru_hole circle (at 11.43 2.54) (size 1.304 1.304) (drill 1) (layers *.Cu *.Mask))
    (pad 42 thru_hole circle (at 8.89 2.54) (size 1.304 1.304) (drill 1) (layers *.Cu *.Mask))
    (pad 43 thru_hole circle (at 11.43 5.08) (size 1.304 1.304) (drill 1) (layers *.Cu *.Mask)
      (net 46 OUT1B))
    (pad 44 thru_hole circle (at 8.89 5.08) (size 1.304 1.304) (drill 1) (layers *.Cu *.Mask))
    (pad 45 thru_hole circle (at -9.3716 -3.5) (size 0.804 0.804) (drill 0.5) (layers *.Cu *.Mask)
      (net 9 SD_DAT1))
    (pad 46 thru_hole circle (at -9.3716 -2.5) (size 0.804 0.804) (drill 0.5) (layers *.Cu *.Mask)
      (net 10 SD_DAT0))
    (pad 47 thru_hole circle (at -9.3716 -1.5) (size 0.804 0.804) (drill 0.5) (layers *.Cu *.Mask))
    (pad 48 thru_hole circle (at -9.3716 -0.5) (size 0.804 0.804) (drill 0.5) (layers *.Cu *.Mask)
      (net 11 SD_CLK))
    (pad 49 thru_hole circle (at -9.3716 0.5) (size 0.804 0.804) (drill 0.5) (layers *.Cu *.Mask))
    (pad 50 thru_hole circle (at -9.3716 1.5) (size 0.804 0.804) (drill 0.5) (layers *.Cu *.Mask)
      (net 12 SD_CMD))
    (pad 51 thru_hole circle (at -9.3716 2.5) (size 0.804 0.804) (drill 0.5) (layers *.Cu *.Mask)
      (net 13 SD_DAT3))
    (pad 52 thru_hole circle (at -9.3716 3.5) (size 0.804 0.804) (drill 0.5) (layers *.Cu *.Mask)
      (net 14 SD_DAT2))
    (pad 53 thru_hole circle (at -15.875 -1.27) (size 1.304 1.304) (drill 1) (layers *.Cu *.Mask)
      (net 15 USB_D-))
    (pad 54 thru_hole circle (at -15.875 1.27) (size 1.304 1.304) (drill 1) (layers *.Cu *.Mask)
      (net 16 USB_D+))
    (pad 3 thru_hole circle (at -11.43 7.62) (size 1.404 1.404) (drill 1.1) (layers *.Cu *.Mask)
      (net 27 MIDI_TX))
    (pad 4 thru_hole circle (at -8.89 7.62) (size 1.404 1.404) (drill 1.1) (layers *.Cu *.Mask))
    (pad 5 thru_hole circle (at -6.35 7.62) (size 1.404 1.404) (drill 1.1) (layers *.Cu *.Mask)
      (net 40 LRCLK2))
    (pad 6 thru_hole circle (at -3.81 7.62) (size 1.404 1.404) (drill 1.1) (layers *.Cu *.Mask)
      (net 42 BCLK2))
    (pad 7 thru_hole circle (at -1.27 7.62) (size 1.404 1.404) (drill 1.1) (layers *.Cu *.Mask))
    (pad 8 thru_hole circle (at 1.27 7.62) (size 1.404 1.404) (drill 1.1) (layers *.Cu *.Mask)
      (net 47 OUT1D))
    (pad 9 thru_hole circle (at 3.81 7.62) (size 1.404 1.404) (drill 1.1) (layers *.Cu *.Mask)
      (net 45 OUT1A))
    (pad 10 thru_hole circle (at 6.35 7.62) (size 1.404 1.404) (drill 1.1) (layers *.Cu *.Mask)
      (net 44 IN1))
    (pad 11 thru_hole circle (at 8.89 7.62) (size 1.404 1.404) (drill 1.1) (layers *.Cu *.Mask)
      (net 48 OUT1C))
    (pad 12 thru_hole circle (at 11.43 7.62) (size 1.404 1.404) (drill 1.1) (layers *.Cu *.Mask))
    (pad 14 thru_hole circle (at 16.51 7.62) (size 1.404 1.404) (drill 1.1) (layers *.Cu *.Mask))
    (pad 15 thru_hole circle (at 16.51 5.08) (size 1.404 1.404) (drill 1.1) (layers *.Cu *.Mask))
    (pad 16 thru_hole circle (at 16.51 2.54) (size 1.404 1.404) (drill 1.1) (layers *.Cu *.Mask))
    (pad 17 thru_hole circle (at 16.51 0) (size 1.404 1.404) (drill 1.1) (layers *.Cu *.Mask))
    (pad 18 thru_hole circle (at 16.51 -2.54) (size 1.404 1.404) (drill 1.1) (layers *.Cu *.Mask))
    (pad 19 thru_hole circle (at 16.51 -5.08) (size 1.404 1.404) (drill 1.1) (layers *.Cu *.Mask))
    (pad 20 thru_hole circle (at 16.51 -7.62) (size 1.404 1.404) (drill 1.1) (layers *.Cu *.Mask))
    (pad 21 thru_hole circle (at 13.97 -7.62) (size 1.404 1.404) (drill 1.1) (layers *.Cu *.Mask))
    (pad 22 thru_hole circle (at 11.43 -7.62) (size 1.404 1.404) (drill 1.1) (layers *.Cu *.Mask))
    (pad 23 thru_hole circle (at 8.89 -7.62) (size 1.404 1.404) (drill 1.1) (layers *.Cu *.Mask))
    (pad 24 thru_hole circle (at 6.35 -7.62) (size 1.404 1.404) (drill 1.1) (layers *.Cu *.Mask))
    (pad 25 thru_hole circle (at 3.81 -7.62) (size 1.404 1.404) (drill 1.1) (layers *.Cu *.Mask))
    (pad 26 thru_hole circle (at 1.27 -7.62) (size 1.404 1.404) (drill 1.1) (layers *.Cu *.Mask))
    (pad 27 thru_hole circle (at -1.27 -7.62) (size 1.404 1.404) (drill 1.1) (layers *.Cu *.Mask)
      (net 41 LRCLK1))
    (pad 28 thru_hole circle (at -3.81 -7.62) (size 1.404 1.404) (drill 1.1) (layers *.Cu *.Mask)
      (net 39 BCLK1))
    (pad 29 thru_hole circle (at -6.35 -7.62) (size 1.404 1.404) (drill 1.1) (layers *.Cu *.Mask))
    (pad 30 thru_hole circle (at -8.89 -7.62) (size 1.404 1.404) (drill 1.1) (layers *.Cu *.Mask)
      (net 38 MCLK1))
    (pad 31 thru_hole circle (at -11.43 -7.62) (size 1.404 1.404) (drill 1.1) (layers *.Cu *.Mask)
      (net 7 3.3V))
    (pad 32 thru_hole circle (at -13.97 -7.62) (size 1.404 1.404) (drill 1.1) (layers *.Cu *.Mask)
      (net 6 GND))
    (pad 34 thru_hole circle (at -13.97 -5.08) (size 1.404 1.404) (drill 1.1) (layers *.Cu *.Mask))
    (pad 33 thru_hole circle (at -16.51 -7.62) (size 1.404 1.404) (drill 1.1) (layers *.Cu *.Mask)
      (net 20 5V))
    (pad 13 thru_hole circle (at 13.97 7.62) (size 1.404 1.404) (drill 1.1) (layers *.Cu *.Mask))
    (model ${KICAD_USER_DIR}/teensy.pretty/Teensy_4.0_Assembly.STEP
      (offset (xyz 33 9.5 -11))
      (scale (xyz 1 1 1))
      (rotate (xyz -90 0 0))
    )
  )

  (module Package_SO:SOIC-8_3.9x4.9mm_P1.27mm (layer F.Cu) (tedit 5D9F72B1) (tstamp 5E90C83A)
    (at 235.0565 235.9695 270)
    (descr "SOIC, 8 Pin (JEDEC MS-012AA, https://www.analog.com/media/en/package-pcb-resources/package/pkg_pdf/soic_narrow-r/r_8.pdf), generated with kicad-footprint-generator ipc_gullwing_generator.py")
    (tags "SOIC SO")
    (path /5D7B55DC)
    (attr smd)
    (fp_text reference TPS2055A_1 (at 0 3.2385 90) (layer F.SilkS)
      (effects (font (size 0.8 0.8) (thickness 0.18)))
    )
    (fp_text value TPS2055A (at 0 3.4 90) (layer F.Fab)
      (effects (font (size 0.8 0.8) (thickness 0.18)))
    )
    (fp_line (start 0 2.56) (end 1.95 2.56) (layer F.SilkS) (width 0.12))
    (fp_line (start 0 2.56) (end -1.95 2.56) (layer F.SilkS) (width 0.12))
    (fp_line (start 0 -2.56) (end 1.95 -2.56) (layer F.SilkS) (width 0.12))
    (fp_line (start 0 -2.56) (end -3.45 -2.56) (layer F.SilkS) (width 0.12))
    (fp_line (start -0.975 -2.45) (end 1.95 -2.45) (layer F.Fab) (width 0.1))
    (fp_line (start 1.95 -2.45) (end 1.95 2.45) (layer F.Fab) (width 0.1))
    (fp_line (start 1.95 2.45) (end -1.95 2.45) (layer F.Fab) (width 0.1))
    (fp_line (start -1.95 2.45) (end -1.95 -1.475) (layer F.Fab) (width 0.1))
    (fp_line (start -1.95 -1.475) (end -0.975 -2.45) (layer F.Fab) (width 0.1))
    (fp_line (start -3.7 -2.7) (end -3.7 2.7) (layer F.CrtYd) (width 0.05))
